235 236 0
236 235 1
232 237 0
237 232 0
224 223 0
220 241 0
241 220 1
240 218 0
217 242 0
242 217 1
214 245 0
245 214 1
221 212 0
210 216 0
216 210 0
244 209 0
205 218 0
218 205 0
204 220 0
204 216 0
216 204 1
220 204 1
225 202 0
201 233 0
233 201 0
196 199 0
199 196 1
195 196 0
196 195 1
194 218 0
194 240 0
218 194 1
240 194 1
193 243 0
243 193 1
191 212 0
212 191 1
190 242 0
190 195 0
195 190 1
217 190 0
242 190 0
189 203 0
198 188 0
187 232 0
187 237 0
232 187 1
237 187 1
186 239 0
239 186 1
185 188 0
185 198 0
188 185 0
198 185 1
179 246 0
246 179 1
178 199 0
177 241 0
177 191 0
191 177 0
241 177 0
176 186 0
186 176 1
175 195 0
175 177 0
175 178 0
177 175 1
178 175 0
195 175 1
241 175 0
174 236 0
174 235 0
206 173 0
170 223 0
169 170 0
169 223 0
170 169 1
168 187 1
166 200 0
200 166 1
165 231 1
164 215 0
215 164 1
163 184 0
163 230 0
164 163 0
184 163 1
215 163 0
162 227 0
227 162 1
161 246 0
173 161 0
160 206 0
160 173 0
173 160 0
206 160 1
158 192 0
192 158 0
230 158 0
156 163 0
156 184 0
156 230 0
163 156 1
164 156 0
184 156 0
215 156 1
230 156 0
155 189 1
155 172 0
172 155 1
154 180 0
152 231 0
231 152 1
151 224 0
150 226 0
213 150 0
226 150 1
149 225 0
149 202 0
202 149 1
225 149 1
148 152 0
148 222 0
152 148 1
222 148 1
231 148 0
147 148 0
147 152 0
147 222 0
148 147 1
152 147 0
222 147 0
231 147 0
146 157 0
157 146 1
171 145 0
144 200 0
144 166 0
200 144 1
143 209 0
209 143 0
229 143 1
141 143 0
141 209 0
143 141 1
159 141 0
209 141 1
229 141 0
140 142 0
140 192 0
142 140 1
192 140 1
139 222 0
139 147 0
139 148 0
222 139 1
138 170 0
136 144 0
136 200 0
144 136 1
135 153 0
153 135 0
134 182 0
182 134 1
133 180 0
133 139 1
154 133 0
180 133 1
131 189 0
131 203 0
189 131 1
203 131 1
130 133 0
130 180 0
133 130 1
154 130 1
211 130 0
129 165 0
165 129 0
128 166 0
128 200 0
166 128 1
200 128 0
127 234 0
234 127 1
126 145 0
145 126 1
125 135 0
135 125 1
214 125 0
176 122 0
121 181 0
181 121 1
120 123 0
119 126 0
126 119 1
118 151 0
151 118 1
117 208 0
208 117 1
116 188 0
125 116 1
115 146 0
115 157 0
146 115 1
157 115 0
114 203 0
114 142 0
142 114 1
203 114 1
113 145 0
113 171 0
145 113 1
171 113 1
112 137 0
112 120 0
137 112 1
111 245 0
111 239 0
239 111 0
245 111 1
110 118 0
118 110 1
109 243 0
123 109 1
219 109 0
243 109 0
108 183 0
167 108 0
183 108 1
107 192 0
107 158 0
107 155 0
158 107 1
192 107 1
106 183 0
108 106 0
124 106 0
105 200 1
105 144 0
104 172 0
104 155 0
172 104 1
103 197 0
161 103 0
197 103 0
246 103 0
102 106 0
102 124 0
106 102 1
124 102 1
183 102 1
101 102 0
101 106 0
101 124 0
102 101 1
106 101 0
124 101 0
183 101 0
100 236 0
208 100 1
236 100 1
99 238 0
109 99 0
193 99 1
238 99 0
98 165 1
98 129 0
105 98 0
97 129 0
97 166 0
128 97 0
129 97 1
166 97 1
96 213 0
213 96 1
95 123 0
95 104 0
95 172 0
104 95 1
123 95 1
172 95 0
94 109 0
94 99 0
99 94 1
109 94 1
123 94 0
219 94 1
93 167 0
92 150 0
92 226 0
150 92 1
226 92 0
91 99 0
91 238 0
91 94 0
94 91 0
99 91 1
238 91 1
90 127 0
127 90 1
89 232 0
88 223 0
88 224 0
223 88 1
224 88 1
87 181 0
87 121 0
87 136 0
121 87 0
136 87 1
181 87 1
100 86 0
208 86 0
85 93 0
85 229 0
93 85 1
229 85 1
84 244 0
244 84 1
83 191 0
83 220 0
83 204 0
191 83 1
204 83 0
212 83 0
220 83 1
82 221 0
82 212 0
212 82 1
221 82 0
81 170 0
81 88 0
81 169 0
88 81 1
138 81 1
169 81 0
170 81 1
223 81 0
224 81 0
80 197 0
80 227 0
80 162 0
179 80 0
197 80 1
79 120 0
79 243 1
79 112 0
112 79 0
120 79 1
78 181 0
78 201 0
181 78 1
201 78 1
77 210 0
77 216 0
77 106 1
210 77 1
216 77 1
76 218 0
76 205 0
76 161 1
194 76 0
205 76 1
218 76 1
240 76 0
75 199 0
75 178 0
75 235 0
178 75 1
199 75 1
235 75 1
74 184 0
74 140 0
74 192 0
140 74 1
184 74 1
73 145 0
73 126 0
126 73 0
145 73 1
72 158 0
72 230 0
158 72 1
230 72 1
71 142 1
71 114 0
70 219 0
70 109 0
70 94 0
219 70 1
69 179 0
69 246 0
89 69 0
179 69 1
68 228 0
68 96 0
68 213 0
92 68 0
96 68 1
150 68 1
213 68 0
228 68 1
67 233 0
67 226 0
226 67 1
233 67 1
66 161 0
66 246 0
66 103 0
103 66 1
161 66 1
246 66 1
65 137 0
85 65 0
137 65 1
64 168 0
168 64 1
63 65 0
63 137 0
65 63 1
137 63 0
62 167 0
62 108 0
108 62 1
167 62 1
61 233 0
61 67 0
61 226 0
67 61 0
233 61 1
60 173 0
60 161 1
60 119 0
173 60 1
59 171 0
59 113 0
59 162 0
113 59 0
162 59 1
171 59 1
58 159 0
58 141 0
58 143 0
141 58 1
143 58 0
159 58 1
209 58 0
57 78 0
57 115 1
57 146 0
78 57 1
56 114 0
56 203 0
56 142 0
71 56 0
114 56 1
142 56 0
189 56 0
203 56 0
55 242 0
55 190 0
55 217 0
190 55 1
217 55 0
242 55 1
54 167 0
54 62 0
54 63 0
62 54 0
63 54 1
65 54 0
93 54 1
167 54 1
53 223 0
53 202 0
202 53 1
223 53 1
51 100 0
51 236 0
51 86 0
86 51 1
100 51 1
236 51 0
50 90 0
90 50 0
49 127 0
49 149 0
49 202 0
127 49 1
149 49 1
225 49 0
234 49 0
48 122 0
48 153 0
122 48 1
153 48 0
47 228 0
47 136 1
47 144 0
228 47 1
46 64 0
46 168 0
52 46 0
64 46 1
45 82 0
45 221 0
45 242 1
82 45 1
221 45 1
44 207 0
44 52 0
52 44 0
207 44 1
43 197 0
43 103 0
43 119 0
103 43 1
119 43 0
197 43 1
42 132 0
42 210 0
132 42 0
210 42 1
41 202 0
41 53 0
53 41 0
202 41 1
40 84 0
40 244 0
84 40 1
244 40 0
39 119 0
39 73 0
39 126 0
73 39 0
119 39 1
38 134 0
38 182 0
38 237 0
134 38 1
182 38 0
237 38 1
37 132 0
37 40 0
40 37 1
84 37 0
132 37 1
36 58 1
36 159 0
35 232 0
35 69 0
35 187 0
69 35 1
89 35 1
187 35 0
232 35 1
34 42 0
34 132 0
34 210 0
37 34 0
42 34 1
132 34 1
33 168 0
33 64 0
33 46 0
46 33 0
52 33 1
64 33 0
168 33 1
32 130 0
32 180 0
130 32 1
180 32 0
211 32 0
234 32 1
31 238 0
31 91 0
238 31 1
30 157 0
30 110 0
30 146 0
110 30 1
115 30 0
146 30 0
157 30 1
29 96 0
29 128 0
28 50 0
28 90 0
50 28 1
72 28 0
27 86 0
27 51 0
86 27 0
138 27 1
26 165 0
26 129 0
26 231 0
97 26 0
98 26 0
129 26 1
165 26 1
25 120 0
25 79 0
25 95 0
120 25 1
24 188 0
24 185 0
116 24 0
185 24 1
188 24 1
23 31 0
23 159 0
23 238 0
31 23 1
36 23 0
159 23 1
22 117 0
44 22 0
207 22 1
21 205 0
21 160 0
21 206 0
160 21 1
205 21 1
206 21 0
20 211 0
20 32 0
20 234 0
32 20 1
211 20 1
19 201 0
19 78 0
19 121 0
121 19 0
201 19 1
18 96 0
18 228 0
18 47 0
29 18 1
96 18 1
228 18 0
17 116 0
17 188 0
17 24 0
24 17 0
116 17 1
188 17 1
198 17 0
16 214 0
16 199 0
16 235 0
214 16 1
15 50 0
15 41 0
15 90 0
28 15 0
41 15 1
50 15 1
90 15 0
14 180 0
14 139 0
14 133 0
180 14 1
13 245 0
13 125 0
13 111 0
111 13 0
125 13 1
186 13 0
239 13 0
245 13 1
12 22 0
12 117 0
22 12 1
117 12 1
11 12 0
11 22 0
11 117 0
12 11 1
22 11 0
117 11 0
207 11 0
10 196 0
10 199 0
10 24 1
196 10 1
199 10 0
9 122 0
9 134 0
122 9 1
134 9 1
182 9 0
8 9 0
8 122 0
8 134 0
9 8 1
122 8 0
227 8 1
7 86 0
7 27 0
7 51 0
27 7 1
86 7 1
6 193 0
6 243 0
6 23 0
193 6 1
243 6 0
5 131 0
5 155 0
5 189 0
131 5 1
155 5 0
4 110 0
4 118 0
4 157 0
110 4 1
3 48 0
3 153 0
3 135 0
48 3 1
135 3 1
153 3 1
176 3 1
2 118 0
2 151 0
2 110 0
118 2 1
151 2 0
1 174 0
1 235 0
1 75 0
174 1 1
235 1 1
0 227 0
0 162 0
0 153 0
162 0 0
227 0 1
